(71.3051, 26.4128, 0)(73.252, 25.9547, 0)(71.8369, 28.6727, 0)(71.8369, 28.6727, 0)(73.252, 25.9547, 0)(73.7837, 28.2146, 0)
(71.8369, 28.6727, 0)(73.7837, 28.2146, 0)(72.3686, 30.9326, 0)(72.3686, 30.9326, 0)(73.7837, 28.2146, 0)(74.3154, 30.4745, 0)
(72.3686, 30.9326, 0)(74.3154, 30.4745, 0)(72.9003, 33.1924, 0)(72.9003, 33.1924, 0)(74.3154, 30.4745, 0)(74.8472, 32.7344, 0)
(72.9003, 33.1924, 0)(74.8472, 32.7344, 0)(73.4321, 35.4523, 0)(73.4321, 35.4523, 0)(74.8472, 32.7344, 0)(75.3789, 34.9942, 0)
(73.4321, 35.4523, 0)(75.3789, 34.9942, 0)(73.9638, 37.7122, 0)(73.9638, 37.7122, 0)(75.3789, 34.9942, 0)(75.9106, 37.2541, 0)
(73.9638, 37.7122, 0)(75.9106, 37.2541, 0)(74.4955, 39.9721, 0)(74.4955, 39.9721, 0)(75.9106, 37.2541, 0)(76.4424, 39.514, 0)
(74.4955, 39.9721, 0)(76.4424, 39.514, 0)(75.0273, 42.232, 0)(75.0273, 42.232, 0)(76.4424, 39.514, 0)(76.9741, 41.7739, 0)
(75.0273, 42.2319, 0)(76.9741, 41.7739, 0)(75.559, 44.4918, 0)(75.559, 44.4918, 0)(76.9741, 41.7739, 0)(77.5058, 44.0337, 0)
(75.5557, 44.4772, 0)(77.5092, 44.0484, 0)(75.6255, 44.7954, 0)(75.6255, 44.7954, 0)(77.5092, 44.0484, 0)(77.579, 44.3666, 0)
(75.6195, 44.7659, 0)(77.585, 44.3961, 0)(75.6797, 45.0861, 0)(75.6797, 45.0861, 0)(77.585, 44.3961, 0)(77.6453, 44.7163, 0)
(75.6746, 45.0565, 0)(77.6504, 44.7459, 0)(75.7252, 45.3783, 0)(75.7252, 45.3783, 0)(77.6504, 44.7459, 0)(77.701, 45.0677, 0)
(75.721, 45.3485, 0)(77.7052, 45.0975, 0)(75.7619, 45.6718, 0)(75.7619, 45.6718, 0)(77.7052, 45.0975, 0)(77.7461, 45.4207, 0)
(75.7586, 45.6419, 0)(77.7494, 45.4506, 0)(75.7897, 45.9662, 0)(75.7897, 45.9662, 0)(77.7494, 45.4506, 0)(77.7806, 45.7749, 0)
(75.7873, 45.9362, 0)(77.783, 45.8049, 0)(75.8087, 46.2613, 0)(75.8087, 46.2613, 0)(77.783, 45.8049, 0)(77.8044, 46.13, 0)
(75.8072, 46.2313, 0)(77.8059, 46.16, 0)(75.8188, 46.5569, 0)(75.8188, 46.5569, 0)(77.8059, 46.16, 0)(77.8175, 46.4856, 0)
(75.8182, 46.5268, 0)(77.8181, 46.5156, 0)(75.82, 46.8526, 0)(75.82, 46.8526, 0)(77.8181, 46.5156, 0)(77.82, 46.8414, 0)
(75.8203, 46.8225, 0)(77.8197, 46.8715, 0)(75.8123, 47.1482, 0)(75.8123, 47.1482, 0)(77.8197, 46.8715, 0)(77.8117, 47.1972, 0)
(75.8135, 47.1182, 0)(77.8105, 47.2272, 0)(75.7957, 47.4435, 0)(75.7957, 47.4435, 0)(77.8105, 47.2272, 0)(77.7928, 47.5525, 0)
(75.7978, 47.4135, 0)(77.7907, 47.5825, 0)(75.7703, 47.7381, 0)(75.7703, 47.7381, 0)(77.7907, 47.5825, 0)(77.7631, 47.9072, 0)
(75.7733, 47.7082, 0)(77.7601, 47.937, 0)(75.736, 48.0319, 0)(75.736, 48.0319, 0)(77.7601, 47.937, 0)(77.7229, 48.2607, 0)
(75.7399, 48.002, 0)(77.719, 48.2905, 0)(75.6929, 48.3244, 0)(75.6929, 48.3244, 0)(77.719, 48.2905, 0)(77.672, 48.6129, 0)
(75.6977, 48.2947, 0)(77.6672, 48.6426, 0)(75.641, 48.6155, 0)(75.641, 48.6155, 0)(77.6672, 48.6426, 0)(77.6105, 48.9634, 0)
(75.6467, 48.586, 0)(77.6048, 48.9929, 0)(75.5804, 48.905, 0)(75.5804, 48.905, 0)(77.6048, 48.9929, 0)(77.5386, 49.3119, 0)
(75.5869, 48.8757, 0)(77.532, 49.3413, 0)(75.5111, 49.1925, 0)(75.5111, 49.1925, 0)(77.532, 49.3413, 0)(77.4562, 49.6581, 0)
(75.5185, 49.1634, 0)(77.4487, 49.6872, 0)(75.4332, 49.4778, 0)(75.4332, 49.4778, 0)(77.4487, 49.6872, 0)(77.3634, 50.0017, 0)
(75.4415, 49.4489, 0)(77.3551, 50.0306, 0)(75.3468, 49.7606, 0)(75.3468, 49.7606, 0)(77.3551, 50.0306, 0)(77.2603, 50.3423, 0)
(75.3559, 49.732, 0)(77.2511, 50.3709, 0)(75.2519, 50.0407, 0)(75.2519, 50.0407, 0)(77.2511, 50.3709, 0)(77.1471, 50.6796, 0)
(75.2619, 50.0123, 0)(77.137, 50.708, 0)(75.1486, 50.3178, 0)(75.1486, 50.3178, 0)(77.137, 50.708, 0)(77.0237, 51.0134, 0)
(75.1595, 50.2898, 0)(77.0128, 51.0414, 0)(75.037, 50.5917, 0)(75.037, 50.5917, 0)(77.0128, 51.0414, 0)(76.8904, 51.3434, 0)
(75.0487, 50.564, 0)(76.8787, 51.371, 0)(74.9173, 50.8621, 0)(74.9173, 50.8621, 0)(76.8787, 51.371, 0)(76.7472, 51.6691, 0)
(74.9298, 50.8348, 0)(76.7347, 51.6964, 0)(74.7894, 51.1288, 0)(74.7894, 51.1288, 0)(76.7347, 51.6964, 0)(76.5943, 51.9905, 0)
(74.8028, 51.1018, 0)(76.5809, 52.0174, 0)(74.6537, 51.3915, 0)(74.6537, 51.3915, 0)(76.5809, 52.0174, 0)(76.4318, 52.3071, 0)
(74.6678, 51.365, 0)(76.4176, 52.3336, 0)(74.51, 51.65, 0)(74.51, 51.65, 0)(76.4176, 52.3336, 0)(76.2598, 52.6186, 0)
(74.525, 51.6239, 0)(76.2449, 52.6447, 0)(74.3587, 51.9041, 0)(74.3587, 51.9041, 0)(76.2449, 52.6447, 0)(76.0786, 52.9248, 0)
(74.3745, 51.8784, 0)(76.0629, 52.9505, 0)(74.1998, 52.1535, 0)(74.1998, 52.1535, 0)(76.0629, 52.9505, 0)(75.8882, 53.2255, 0)
(74.2163, 52.1283, 0)(75.8717, 53.2507, 0)(74.0335, 52.398, 0)(74.0335, 52.398, 0)(75.8717, 53.2507, 0)(75.6889, 53.5203, 0)
(74.0507, 52.3734, 0)(75.6717, 53.5449, 0)(73.8599, 52.6374, 0)(73.8599, 52.6374, 0)(75.6717, 53.5449, 0)(75.4808, 53.809, 0)
(73.8779, 52.6133, 0)(75.4629, 53.8331, 0)(73.6792, 52.8715, 0)(73.6792, 52.8715, 0)(75.4629, 53.8331, 0)(75.2642, 54.0913, 0)
(73.6979, 52.848, 0)(75.2455, 54.1148, 0)(73.4915, 53.1001, 0)(73.4915, 53.1001, 0)(75.2455, 54.1148, 0)(75.0391, 54.3669, 0)
(73.5109, 53.0771, 0)(75.0197, 54.3899, 0)(73.2971, 53.3229, 0)(73.2971, 53.3229, 0)(75.0197, 54.3899, 0)(74.8059, 54.6357, 0)
(73.3171, 53.3005, 0)(74.7858, 54.6581, 0)(73.096, 53.5397, 0)(73.096, 53.5397, 0)(74.7858, 54.6581, 0)(74.5646, 54.8973, 0)
(73.1167, 53.518, 0)(74.5439, 54.9191, 0)(72.8885, 53.7505, 0)(72.8885, 53.7505, 0)(74.5439, 54.9191, 0)(74.3157, 55.1516, 0)
(72.9099, 53.7293, 0)(74.2943, 55.1727, 0)(72.6747, 53.9548, 0)(72.6747, 53.9548, 0)(74.2943, 55.1727, 0)(74.0592, 55.3982, 0)
(72.6968, 53.9343, 0)(74.0372, 55.4187, 0)(72.455, 54.1527, 0)(72.455, 54.1527, 0)(74.0372, 55.4187, 0)(73.7954, 55.637, 0)
(72.4776, 54.1329, 0)(73.7727, 55.6569, 0)(72.2293, 54.3438, 0)(72.2293, 54.3438, 0)(73.7727, 55.6569, 0)(73.5245, 55.8678, 0)
(72.2525, 54.3247, 0)(73.5013, 55.887, 0)(71.998, 54.5281, 0)(71.998, 54.5281, 0)(73.5013, 55.887, 0)(73.2468, 56.0904, 0)
(72.0218, 54.5097, 0)(73.2231, 56.1088, 0)(71.7613, 54.7054, 0)(71.7613, 54.7054, 0)(73.2231, 56.1088, 0)(72.9626, 56.3045, 0)
(71.7856, 54.6877, 0)(72.9383, 56.3222, 0)(71.5194, 54.8755, 0)(71.5194, 54.8755, 0)(72.9383, 56.3222, 0)(72.672, 56.5099, 0)
(71.5442, 54.8585, 0)(72.6472, 56.5269, 0)(71.2724, 55.0382, 0)(71.2724, 55.0382, 0)(72.6472, 56.5269, 0)(72.3754, 56.7066, 0)
(71.2978, 55.022, 0)(72.3501, 56.7228, 0)(71.0207, 55.1934, 0)(71.0207, 55.1934, 0)(72.3501, 56.7228, 0)(72.073, 56.8942, 0)
(71.0465, 55.178, 0)(72.0472, 56.9096, 0)(70.7644, 55.341, 0)(70.7644, 55.341, 0)(72.0472, 56.9096, 0)(71.7652, 57.0726, 0)
(70.7907, 55.3263, 0)(71.7389, 57.0873, 0)(70.5039, 55.4808, 0)(70.5039, 55.4808, 0)(71.7389, 57.0873, 0)(71.452, 57.2417, 0)
(70.5305, 55.4669, 0)(71.4254, 57.2556, 0)(70.2392, 55.6127, 0)(70.2392, 55.6127, 0)(71.4254, 57.2556, 0)(71.134, 57.4013, 0)
(70.2663, 55.5996, 0)(71.1069, 57.4144, 0)(69.9706, 55.7366, 0)(69.9706, 55.7366, 0)(71.1069, 57.4144, 0)(70.8113, 57.5513, 0)
(69.9981, 55.7244, 0)(70.7838, 57.5636, 0)(69.6985, 55.8524, 0)(69.6985, 55.8524, 0)(70.7838, 57.5636, 0)(70.4842, 57.6915, 0)
(69.7263, 55.841, 0)(70.4564, 57.7029, 0)(69.423, 55.9599, 0)(69.423, 55.9599, 0)(70.4564, 57.7029, 0)(70.1531, 57.8219, 0)
(69.4512, 55.9493, 0)(70.1249, 57.8324, 0)(69.1444, 56.0591, 0)(69.1444, 56.0591, 0)(70.1249, 57.8324, 0)(69.8182, 57.9422, 0)
(69.1729, 56.0494, 0)(69.7897, 57.9519, 0)(68.863, 56.1499, 0)(68.863, 56.1499, 0)(69.7897, 57.9519, 0)(69.4798, 58.0524, 0)
(69.1714, 57.1011, 0)(69.1714, 57.1011, 0)(69.1714, 57.1011, 0)(69.1714, 57.1011, 0)(69.1714, 57.1011, 0)(69.1714, 57.1011, 0)
(68.8773, 56.1453, 0)(69.4655, 58.0569, 0)(68.3766, 56.2994, 0)(68.3766, 56.2994, 0)(69.4655, 58.0569, 0)(68.9648, 58.2109, 0)
(68.3766, 56.2994, 0)(68.9648, 58.2109, 0)(67.876, 56.4534, 0)(67.876, 56.4534, 0)(68.9648, 58.2109, 0)(68.4642, 58.365, 0)
(67.876, 56.4534, 0)(68.4642, 58.365, 0)(67.3753, 56.6075, 0)(67.3753, 56.6075, 0)(68.4642, 58.365, 0)(67.9635, 58.519, 0)
(67.3753, 56.6075, 0)(67.9635, 58.519, 0)(66.8746, 56.7615, 0)(66.8746, 56.7615, 0)(67.9635, 58.519, 0)(67.4628, 58.6731, 0)
(66.8746, 56.7615, 0)(67.4628, 58.6731, 0)(66.374, 56.9156, 0)(66.374, 56.9156, 0)(67.4628, 58.6731, 0)(66.9622, 58.8271, 0)
(66.374, 56.9156, 0)(66.9622, 58.8271, 0)(65.8733, 57.0696, 0)(65.8733, 57.0696, 0)(66.9622, 58.8271, 0)(66.4615, 58.9812, 0)
(65.8733, 57.0696, 0)(66.4615, 58.9812, 0)(65.3727, 57.2237, 0)(65.3727, 57.2237, 0)(66.4615, 58.9812, 0)(65.9608, 59.1352, 0)
(65.3727, 57.2237, 0)(65.9608, 59.1352, 0)(64.872, 57.3777, 0)(64.872, 57.3777, 0)(65.9608, 59.1352, 0)(65.4602, 59.2893, 0)
(64.872, 57.3777, 0)(65.4602, 59.2893, 0)(64.3713, 57.5318, 0)(64.3713, 57.5318, 0)(65.4602, 59.2893, 0)(64.9595, 59.4433, 0)
(64.3713, 57.5318, 0)(64.9595, 59.4433, 0)(63.8707, 57.6858, 0)(63.8707, 57.6858, 0)(64.9595, 59.4433, 0)(64.4588, 59.5974, 0)
(63.8707, 57.6858, 0)(64.4588, 59.5974, 0)(63.37, 57.8399, 0)(63.37, 57.8399, 0)(64.4588, 59.5974, 0)(63.9582, 59.7514, 0)
(63.37, 57.8399, 0)(63.9582, 59.7514, 0)(62.8693, 57.9939, 0)(62.8693, 57.9939, 0)(63.9582, 59.7514, 0)(63.4575, 59.9055, 0)
(62.8693, 57.9939, 0)(63.4575, 59.9055, 0)(62.3687, 58.148, 0)(62.3687, 58.148, 0)(63.4575, 59.9055, 0)(62.9568, 60.0596, 0)
(62.3687, 58.148, 0)(62.9568, 60.0596, 0)(61.868, 58.302, 0)(61.868, 58.302, 0)(62.9568, 60.0596, 0)(62.4562, 60.2136, 0)
(61.868, 58.302, 0)(62.4562, 60.2136, 0)(61.3673, 58.4561, 0)(61.3673, 58.4561, 0)(62.4562, 60.2136, 0)(61.9555, 60.3677, 0)
(61.3673, 58.4561, 0)(61.9555, 60.3677, 0)(60.8667, 58.6101, 0)(60.8667, 58.6101, 0)(61.9555, 60.3677, 0)(61.4548, 60.5217, 0)
(60.8667, 58.6101, 0)(61.4548, 60.5217, 0)(60.366, 58.7642, 0)(60.366, 58.7642, 0)(61.4548, 60.5217, 0)(60.9542, 60.6758, 0)
(60.366, 58.7642, 0)(60.9542, 60.6758, 0)(59.8653, 58.9183, 0)(59.8653, 58.9183, 0)(60.9542, 60.6758, 0)(60.4535, 60.8298, 0)
(59.8653, 58.9182, 0)(60.4535, 60.8298, 0)(59.3647, 59.0723, 0)(59.3647, 59.0723, 0)(60.4535, 60.8298, 0)(59.9528, 60.9839, 0)
(59.3647, 59.0723, 0)(59.9528, 60.9839, 0)(58.864, 59.2263, 0)(58.864, 59.2263, 0)(59.9528, 60.9839, 0)(59.4522, 61.1379, 0)
(58.864, 59.2263, 0)(59.4522, 61.1379, 0)(58.3633, 59.3804, 0)(58.3633, 59.3804, 0)(59.4522, 61.1379, 0)(58.9515, 61.292, 0)
(58.3633, 59.3804, 0)(58.9515, 61.292, 0)(57.8627, 59.5345, 0)(57.8627, 59.5345, 0)(58.9515, 61.292, 0)(58.4508, 61.446, 0)
(57.8578, 59.536, 0)(58.4557, 61.4445, 0)(57.7377, 59.5736, 0)(57.7377, 59.5736, 0)(58.4557, 61.4445, 0)(58.3356, 61.4821, 0)
(57.728, 59.5767, 0)(58.3453, 61.479, 0)(57.6083, 59.6155, 0)(57.6083, 59.6155, 0)(58.3453, 61.479, 0)(58.2256, 61.5179, 0)
(57.5986, 59.6187, 0)(58.2353, 61.5147, 0)(57.4793, 59.6588, 0)(57.4793, 59.6588, 0)(58.2353, 61.5147, 0)(58.116, 61.5547, 0)
(57.4697, 59.6621, 0)(58.1256, 61.5515, 0)(57.3508, 59.7033, 0)(57.3508, 59.7033, 0)(58.1256, 61.5515, 0)(58.0067, 61.5927, 0)
(57.3412, 59.7067, 0)(58.0163, 61.5893, 0)(57.2227, 59.7492, 0)(57.2227, 59.7492, 0)(58.0163, 61.5893, 0)(57.8979, 61.6318, 0)
(57.2132, 59.7527, 0)(57.9074, 61.6283, 0)(57.0952, 59.7964, 0)(57.0952, 59.7964, 0)(57.9074, 61.6283, 0)(57.7894, 61.672, 0)
(57.0856, 59.8, 0)(57.7989, 61.6684, 0)(56.968, 59.8449, 0)(56.968, 59.8449, 0)(57.7989, 61.6684, 0)(57.6814, 61.7133, 0)
(56.9586, 59.8485, 0)(57.6908, 61.7096, 0)(56.8415, 59.8946, 0)(56.8415, 59.8946, 0)(57.6908, 61.7096, 0)(57.5737, 61.7557, 0)
(56.832, 59.8984, 0)(57.5832, 61.7519, 0)(56.7153, 59.9457, 0)(56.7153, 59.9457, 0)(57.5832, 61.7519, 0)(57.4666, 61.7992, 0)
(56.7059, 59.9495, 0)(57.476, 61.7953, 0)(56.5898, 59.998, 0)(56.5898, 59.998, 0)(57.476, 61.7953, 0)(57.3598, 61.8438, 0)
(56.5804, 60.0019, 0)(57.3692, 61.8398, 0)(56.4648, 60.0516, 0)(56.4648, 60.0516, 0)(57.3692, 61.8398, 0)(57.2535, 61.8895, 0)
(56.4554, 60.0556, 0)(57.2629, 61.8854, 0)(56.3403, 60.1065, 0)(56.3403, 60.1065, 0)(57.2629, 61.8854, 0)(57.1478, 61.9362, 0)
(56.331, 60.1106, 0)(57.157, 61.932, 0)(56.2164, 60.1626, 0)(56.2164, 60.1626, 0)(57.157, 61.932, 0)(57.0424, 61.984, 0)
(56.2071, 60.1668, 0)(57.0517, 61.9798, 0)(56.0931, 60.22, 0)(56.0931, 60.22, 0)(57.0517, 61.9798, 0)(56.9376, 62.0329, 0)
(56.0838, 60.2243, 0)(56.9468, 62.0286, 0)(55.9703, 60.2787, 0)(55.9703, 60.2787, 0)(56.9468, 62.0286, 0)(56.8333, 62.0829, 0)
(55.9612, 60.2831, 0)(56.8424, 62.0784, 0)(55.8482, 60.3385, 0)(55.8482, 60.3385, 0)(56.8424, 62.0784, 0)(56.7295, 62.1339, 0)
(55.8391, 60.3431, 0)(56.7386, 62.1294, 0)(55.7267, 60.3997, 0)(55.7267, 60.3997, 0)(56.7386, 62.1294, 0)(56.6262, 62.186, 0)
(55.7176, 60.4043, 0)(56.6353, 62.1813, 0)(55.6057, 60.4621, 0)(55.6057, 60.4621, 0)(56.6353, 62.1813, 0)(56.5234, 62.2391, 0)
(55.5967, 60.4668, 0)(56.5325, 62.2344, 0)(55.4855, 60.5256, 0)(55.4855, 60.5256, 0)(56.5325, 62.2344, 0)(56.4212, 62.2932, 0)
(55.4765, 60.5304, 0)(56.4302, 62.2884, 0)(55.3659, 60.5905, 0)(55.3659, 60.5905, 0)(56.4302, 62.2884, 0)(56.3196, 62.3484, 0)
(55.357, 60.5954, 0)(56.3285, 62.3435, 0)(55.247, 60.6565, 0)(55.247, 60.6565, 0)(56.3285, 62.3435, 0)(56.2185, 62.4047, 0)
(55.2381, 60.6615, 0)(56.2274, 62.3997, 0)(55.1287, 60.7237, 0)(55.1287, 60.7237, 0)(56.2274, 62.3997, 0)(56.118, 62.4619, 0)
(55.1199, 60.7288, 0)(56.1268, 62.4569, 0)(55.0112, 60.7922, 0)(55.0112, 60.7922, 0)(56.1268, 62.4569, 0)(56.0181, 62.5202, 0)
(55.0024, 60.7974, 0)(56.0269, 62.515, 0)(54.8943, 60.8618, 0)(54.8943, 60.8618, 0)(56.0269, 62.515, 0)(55.9188, 62.5795, 0)
(54.8856, 60.8671, 0)(55.9275, 62.5742, 0)(54.7782, 60.9326, 0)(54.7782, 60.9326, 0)(55.9275, 62.5742, 0)(55.8201, 62.6398, 0)
(54.7695, 60.938, 0)(55.8287, 62.6345, 0)(54.6628, 61.0046, 0)(54.6628, 61.0046, 0)(55.8287, 62.6345, 0)(55.722, 62.7011, 0)
(54.6541, 61.0101, 0)(55.7306, 62.6957, 0)(54.5481, 61.0778, 0)(54.5481, 61.0778, 0)(55.7306, 62.6957, 0)(55.6246, 62.7634, 0)
(54.5396, 61.0833, 0)(55.6331, 62.7579, 0)(54.4342, 61.1521, 0)(54.4342, 61.1521, 0)(55.6331, 62.7579, 0)(55.5277, 62.8267, 0)
(54.4257, 61.1578, 0)(55.5362, 62.8211, 0)(54.321, 61.2276, 0)(54.321, 61.2276, 0)(55.5362, 62.8211, 0)(55.4316, 62.891, 0)
(54.3125, 61.2333, 0)(55.44, 62.8853, 0)(54.2086, 61.3043, 0)(54.2086, 61.3043, 0)(55.44, 62.8853, 0)(55.3361, 62.9562, 0)
(54.2002, 61.3101, 0)(55.3444, 62.9504, 0)(54.097, 61.3821, 0)(54.097, 61.3821, 0)(55.3444, 62.9504, 0)(55.2412, 63.0224, 0)
(54.0887, 61.3879, 0)(55.2495, 63.0166, 0)(53.9862, 61.461, 0)(53.9862, 61.461, 0)(55.2495, 63.0166, 0)(55.147, 63.0896, 0)
(53.9779, 61.4669, 0)(55.1553, 63.0837, 0)(53.8762, 61.541, 0)(53.8762, 61.541, 0)(55.1553, 63.0837, 0)(55.0536, 63.1577, 0)
(53.868, 61.547, 0)(55.0618, 63.1517, 0)(53.767, 61.6222, 0)(53.767, 61.6222, 0)(55.0618, 63.1517, 0)(54.9608, 63.2268, 0)
(53.7589, 61.6283, 0)(54.9689, 63.2207, 0)(53.6587, 61.7044, 0)(53.6587, 61.7044, 0)(54.9689, 63.2207, 0)(54.8687, 63.2968, 0)
(53.6506, 61.7106, 0)(54.8768, 63.2907, 0)(53.5512, 61.7878, 0)(53.5512, 61.7878, 0)(54.8768, 63.2907, 0)(54.7774, 63.3678, 0)
(53.5432, 61.7941, 0)(54.7854, 63.3615, 0)(53.4446, 61.8722, 0)(53.4446, 61.8722, 0)(54.7854, 63.3615, 0)(54.6868, 63.4397, 0)
(53.4366, 61.8786, 0)(54.6947, 63.4333, 0)(53.3388, 61.9578, 0)(53.3388, 61.9578, 0)(54.6947, 63.4333, 0)(54.5969, 63.5125, 0)
(53.3309, 61.9642, 0)(54.6048, 63.506, 0)(53.2339, 62.0444, 0)(53.2339, 62.0444, 0)(54.6048, 63.506, 0)(54.5077, 63.5862, 0)
(53.2261, 62.0509, 0)(54.5156, 63.5797, 0)(53.1299, 62.132, 0)(53.1299, 62.132, 0)(54.5156, 63.5797, 0)(54.4194, 63.6608, 0)
(53.1221, 62.1386, 0)(54.4271, 63.6542, 0)(53.0267, 62.2208, 0)(53.0267, 62.2208, 0)(54.4271, 63.6542, 0)(54.3318, 63.7363, 0)
(53.0191, 62.2274, 0)(54.3394, 63.7296, 0)(52.9245, 62.3105, 0)(52.9245, 62.3105, 0)(54.3394, 63.7296, 0)(54.2449, 63.8127, 0)
(52.9169, 62.3173, 0)(54.2525, 63.806, 0)(52.8232, 62.4013, 0)(52.8232, 62.4013, 0)(54.2525, 63.806, 0)(54.1588, 63.89, 0)
(52.8157, 62.4082, 0)(54.1664, 63.8832, 0)(52.7229, 62.4932, 0)(52.7229, 62.4932, 0)(54.1664, 63.8832, 0)(54.0736, 63.9682, 0)
(52.7154, 62.5001, 0)(54.0811, 63.9613, 0)(52.6235, 62.586, 0)(52.6235, 62.586, 0)(54.0811, 63.9613, 0)(53.9891, 64.0472, 0)
(52.6161, 62.593, 0)(53.9965, 64.0402, 0)(52.525, 62.6799, 0)(52.525, 62.6799, 0)(53.9965, 64.0402, 0)(53.9054, 64.1271, 0)
(52.5177, 62.6869, 0)(53.9128, 64.12, 0)(52.4275, 62.7747, 0)(52.4275, 62.7747, 0)(53.9128, 64.12, 0)(53.8226, 64.2078, 0)
(52.4202, 62.7819, 0)(53.8299, 64.2006, 0)(52.331, 62.8706, 0)(52.331, 62.8706, 0)(53.8299, 64.2006, 0)(53.7406, 64.2893, 0)
(52.3238, 62.8778, 0)(53.7478, 64.2821, 0)(52.2354, 62.9674, 0)(52.2354, 62.9674, 0)(53.7478, 64.2821, 0)(53.6594, 64.3717, 0)
(52.2283, 62.9747, 0)(53.6665, 64.3644, 0)(52.1408, 63.0652, 0)(52.1408, 63.0652, 0)(53.6665, 64.3644, 0)(53.5791, 64.4549, 0)
(52.8599, 63.7601, 0)(52.8599, 63.7601, 0)(52.8599, 63.7601, 0)(52.8599, 63.7601, 0)(52.8599, 63.7601, 0)(52.8599, 63.7601, 0)
(52.1373, 63.0688, 0)(53.5826, 64.4513, 0)(51.4318, 63.8064, 0)(51.4318, 63.8064, 0)(53.5826, 64.4513, 0)(52.877, 65.1889, 0)
(51.4318, 63.8064, 0)(52.877, 65.1889, 0)(50.7262, 64.5441, 0)(50.7262, 64.5441, 0)(52.877, 65.1889, 0)(52.1715, 65.9265, 0)
(50.739, 64.531, 0)(52.1588, 65.9396, 0)(50.6781, 64.5923, 0)(50.6781, 64.5923, 0)(52.1588, 65.9396, 0)(52.0979, 66.0009, 0)
(50.7042, 64.567, 0)(52.0719, 66.0262, 0)(50.6411, 64.6261, 0)(50.6411, 64.6261, 0)(52.0719, 66.0262, 0)(52.0088, 66.0853, 0)
(50.6681, 64.6017, 0)(51.9818, 66.1097, 0)(50.603, 64.6584, 0)(50.603, 64.6584, 0)(51.9818, 66.1097, 0)(51.9167, 66.1665, 0)
(50.6309, 64.635, 0)(51.8888, 66.1899, 0)(50.5637, 64.6894, 0)(50.5637, 64.6894, 0)(51.8888, 66.1899, 0)(51.8217, 66.2442, 0)
(50.5924, 64.667, 0)(51.7929, 66.2666, 0)(50.5233, 64.7188, 0)(50.5233, 64.7188, 0)(51.7929, 66.2666, 0)(51.7238, 66.3185, 0)
(50.5528, 64.6975, 0)(51.6943, 66.3398, 0)(50.4819, 64.7468, 0)(50.4819, 64.7468, 0)(51.6943, 66.3398, 0)(51.6234, 66.3891, 0)
(50.5121, 64.7266, 0)(51.5932, 66.4093, 0)(50.4394, 64.7733, 0)(50.4394, 64.7733, 0)(51.5932, 66.4093, 0)(51.5205, 66.456, 0)
(50.4704, 64.7542, 0)(51.4895, 66.4751, 0)(50.3961, 64.7982, 0)(50.3961, 64.7982, 0)(51.4895, 66.4751, 0)(51.4151, 66.5191, 0)
(50.4277, 64.7803, 0)(51.3835, 66.5371, 0)(50.3518, 64.8216, 0)(50.3518, 64.8216, 0)(51.3835, 66.5371, 0)(51.3076, 66.5784, 0)
(50.3841, 64.8047, 0)(51.2753, 66.5952, 0)(50.3068, 64.8432, 0)(50.3068, 64.8432, 0)(51.2753, 66.5952, 0)(51.198, 66.6337, 0)
(50.3396, 64.8276, 0)(51.1651, 66.6493, 0)(50.2609, 64.8633, 0)(50.2609, 64.8633, 0)(51.1651, 66.6493, 0)(51.0864, 66.685, 0)
(50.2944, 64.8488, 0)(51.053, 66.6994, 0)(50.2144, 64.8816, 0)(50.2144, 64.8816, 0)(51.053, 66.6994, 0)(50.973, 66.7322, 0)
(50.2483, 64.8685, 0)(50.9392, 66.7453, 0)(50.1672, 64.8983, 0)(50.1672, 64.8983, 0)(50.9392, 66.7453, 0)(50.8581, 66.7752, 0)
(50.2016, 64.8863, 0)(50.8237, 66.7871, 0)(50.1195, 64.9132, 0)(50.1195, 64.9132, 0)(50.8237, 66.7871, 0)(50.7416, 66.814, 0)
(50.1543, 64.9025, 0)(50.7068, 66.8247, 0)(50.0713, 64.9264, 0)(50.0713, 64.9264, 0)(50.7068, 66.8247, 0)(50.6237, 66.8486, 0)
(50.1064, 64.917, 0)(50.5886, 66.858, 0)(50.0226, 64.9378, 0)(50.0226, 64.9378, 0)(50.5886, 66.858, 0)(50.5047, 66.8788, 0)
(50.0581, 64.9297, 0)(50.4692, 66.8869, 0)(49.9735, 64.9474, 0)(49.9735, 64.9474, 0)(50.4692, 66.8869, 0)(50.3847, 66.9047, 0)
(50.0093, 64.9406, 0)(50.3489, 66.9115, 0)(49.9242, 64.9553, 0)(49.9242, 64.9553, 0)(50.3489, 66.9115, 0)(50.2638, 66.9262, 0)
(49.9601, 64.9497, 0)(50.2278, 66.9317, 0)(49.8745, 64.9613, 0)(49.8745, 64.9613, 0)(50.2278, 66.9317, 0)(50.1422, 66.9433, 0)
(49.9106, 64.9571, 0)(50.1061, 66.9475, 0)(49.8246, 64.9655, 0)(49.8246, 64.9655, 0)(50.1061, 66.9475, 0)(50.0201, 66.956, 0)
(49.8609, 64.9626, 0)(49.9838, 66.9589, 0)(49.7747, 64.9679, 0)(49.7747, 64.9679, 0)(49.9838, 66.9589, 0)(49.8976, 66.9642, 0)
(49.8111, 64.9664, 0)(49.8612, 66.9657, 0)(49.7247, 64.9685, 0)(49.7247, 64.9685, 0)(49.8612, 66.9657, 0)(49.7748, 66.9679, 0)
(49.7611, 64.9683, 0)(49.7385, 66.9682, 0)(49.6747, 64.9673, 0)(49.6747, 64.9673, 0)(49.7385, 66.9682, 0)(49.6521, 66.9672, 0)
(49.7111, 64.9684, 0)(49.6157, 66.9661, 0)(49.6248, 64.9643, 0)(49.6248, 64.9643, 0)(49.6157, 66.9661, 0)(49.5294, 66.962, 0)
(49.6611, 64.9667, 0)(49.4931, 66.9596, 0)(49.575, 64.9594, 0)(49.575, 64.9594, 0)(49.4931, 66.9596, 0)(49.407, 66.9523, 0)
(49.6112, 64.9631, 0)(49.3708, 66.9486, 0)(49.5254, 64.9527, 0)(49.5254, 64.9527, 0)(49.3708, 66.9486, 0)(49.285, 66.9382, 0)
(49.5614, 64.9578, 0)(49.249, 66.9332, 0)(49.4761, 64.9443, 0)(49.4761, 64.9443, 0)(49.249, 66.9332, 0)(49.1637, 66.9197, 0)
(49.512, 64.9506, 0)(49.1278, 66.9134, 0)(49.4272, 64.934, 0)(49.4272, 64.934, 0)(49.1278, 66.9134, 0)(49.043, 66.8968, 0)
(49.4628, 64.9417, 0)(49.0075, 66.8891, 0)(49.3786, 64.922, 0)(49.3786, 64.922, 0)(49.0075, 66.8891, 0)(48.9233, 66.8695, 0)
(49.414, 64.9309, 0)(48.888, 66.8605, 0)(49.3306, 64.9082, 0)(49.3306, 64.9082, 0)(48.888, 66.8605, 0)(48.8046, 66.8378, 0)
(49.3655, 64.9184, 0)(48.7698, 66.8276, 0)(49.283, 64.8927, 0)(49.283, 64.8927, 0)(48.7698, 66.8276, 0)(48.6873, 66.8019, 0)
(49.3176, 64.9042, 0)(48.6527, 66.7904, 0)(49.2361, 64.8754, 0)(49.2361, 64.8754, 0)(48.6527, 66.7904, 0)(48.5712, 66.7617, 0)
(49.2701, 64.8881, 0)(48.5372, 66.749, 0)(49.1898, 64.8565, 0)(49.1898, 64.8565, 0)(48.5372, 66.749, 0)(48.4568, 66.7173, 0)
(49.2234, 64.8704, 0)(48.4232, 66.7033, 0)(49.1442, 64.8359, 0)(49.1442, 64.8359, 0)(48.4232, 66.7033, 0)(48.344, 66.6688, 0)
(49.1773, 64.851, 0)(48.3109, 66.6536, 0)(49.0995, 64.8136, 0)(49.0995, 64.8136, 0)(48.3109, 66.6536, 0)(48.233, 66.6162, 0)
(49.132, 64.83, 0)(48.2005, 66.5998, 0)(49.0555, 64.7897, 0)(49.0555, 64.7897, 0)(48.2005, 66.5998, 0)(48.124, 66.5596, 0)
(49.0874, 64.8073, 0)(48.0922, 66.5421, 0)(49.0125, 64.7643, 0)(49.0125, 64.7643, 0)(48.0922, 66.5421, 0)(48.0172, 66.4991, 0)
(49.0437, 64.7829, 0)(47.986, 66.4804, 0)(48.9703, 64.7372, 0)(48.9703, 64.7372, 0)(47.986, 66.4804, 0)(47.9127, 66.4347, 0)
(49.0009, 64.7571, 0)(47.8821, 66.4149, 0)(48.9293, 64.7087, 0)(48.9293, 64.7087, 0)(47.8821, 66.4149, 0)(47.8105, 66.3665, 0)
(48.9591, 64.7296, 0)(47.7807, 66.3456, 0)(48.8893, 64.6787, 0)(48.8893, 64.6787, 0)(47.7807, 66.3456, 0)(47.7109, 66.2947, 0)
(48.9183, 64.7007, 0)(47.6819, 66.2728, 0)(48.8503, 64.6473, 0)(48.8503, 64.6473, 0)(47.6819, 66.2728, 0)(47.614, 66.2194, 0)
(48.8786, 64.6703, 0)(47.5858, 66.1963, 0)(48.8127, 64.6145, 0)(48.8127, 64.6145, 0)(47.5858, 66.1963, 0)(47.5199, 66.1405, 0)
(48.84, 64.6385, 0)(47.4925, 66.1165, 0)(48.7761, 64.5803, 0)(48.7761, 64.5803, 0)(47.4925, 66.1165, 0)(47.4287, 66.0583, 0)
(48.8026, 64.6053, 0)(47.4023, 66.0333, 0)(48.7409, 64.5448, 0)(48.7409, 64.5448, 0)(47.4023, 66.0333, 0)(47.3406, 65.9728, 0)
(48.7664, 64.5707, 0)(47.3151, 65.9469, 0)(48.7069, 64.508, 0)(48.7069, 64.508, 0)(47.3151, 65.9469, 0)(47.2556, 65.8842, 0)
(48.7315, 64.535, 0)(47.231, 65.8572, 0)(48.6744, 64.4701, 0)(48.6744, 64.4701, 0)(47.231, 65.8572, 0)(47.1739, 65.7924, 0)
(48.6979, 64.4978, 0)(47.1504, 65.7647, 0)(48.6432, 64.431, 0)(48.6432, 64.431, 0)(47.1504, 65.7647, 0)(47.0957, 65.6979, 0)
(48.6658, 64.4596, 0)(47.0731, 65.6693, 0)(48.6135, 64.3908, 0)(48.6135, 64.3908, 0)(47.0731, 65.6693, 0)(47.0208, 65.6005, 0)
(48.635, 64.4201, 0)(46.9994, 65.5711, 0)(48.5853, 64.3495, 0)(48.5853, 64.3495, 0)(46.9994, 65.5711, 0)(46.9497, 65.5005, 0)
(48.6057, 64.3796, 0)(46.9292, 65.4703, 0)(48.5586, 64.3072, 0)(48.5586, 64.3072, 0)(46.9292, 65.4703, 0)(46.8821, 65.3979, 0)
(47.7203, 64.8526, 0)(47.7203, 64.8526, 0)(47.7203, 64.8526, 0)(47.7203, 64.8526, 0)(47.7203, 64.8526, 0)(47.7203, 64.8526, 0)
(48.5683, 64.3226, 0)(46.8723, 65.3826, 0)(48.0637, 63.5151, 0)(48.0637, 63.5151, 0)(46.8723, 65.3826, 0)(46.3677, 64.5751, 0)
(48.0637, 63.5151, 0)(46.3677, 64.5751, 0)(47.5591, 62.7077, 0)(47.5591, 62.7077, 0)(46.3677, 64.5751, 0)(45.8631, 63.7677, 0)
(47.5591, 62.7077, 0)(45.8631, 63.7677, 0)(47.0544, 61.9003, 0)(47.0544, 61.9003, 0)(45.8631, 63.7677, 0)(45.3584, 62.9603, 0)
(47.0544, 61.9003, 0)(45.3584, 62.9603, 0)(46.5498, 61.0929, 0)(46.5498, 61.0929, 0)(45.3584, 62.9603, 0)(44.8538, 62.1529, 0)
(46.5498, 61.0929, 0)(44.8538, 62.1529, 0)(46.0452, 60.2855, 0)(46.0452, 60.2855, 0)(44.8538, 62.1529, 0)(44.3492, 61.3455, 0)
(46.0452, 60.2855, 0)(44.3492, 61.3455, 0)(45.5405, 59.478, 0)(45.5405, 59.478, 0)(44.3492, 61.3455, 0)(43.8445, 60.538, 0)
(45.5405, 59.478, 0)(43.8445, 60.538, 0)(45.0359, 58.6706, 0)(45.0359, 58.6706, 0)(43.8445, 60.538, 0)(43.3399, 59.7306, 0)
(45.0359, 58.6706, 0)(43.3399, 59.7306, 0)(44.5313, 57.8632, 0)(44.5313, 57.8632, 0)(43.3399, 59.7306, 0)(42.8353, 58.9232, 0)
(44.5313, 57.8632, 0)(42.8353, 58.9232, 0)(44.0266, 57.0558, 0)(44.0266, 57.0558, 0)(42.8353, 58.9232, 0)(42.3306, 58.1158, 0)
(44.0266, 57.0558, 0)(42.3306, 58.1158, 0)(43.522, 56.2484, 0)(43.522, 56.2484, 0)(42.3306, 58.1158, 0)(41.826, 57.3084, 0)
(43.522, 56.2484, 0)(41.826, 57.3084, 0)(43.0173, 55.441, 0)(43.0173, 55.441, 0)(41.826, 57.3084, 0)(41.3214, 56.501, 0)
(43.0173, 55.441, 0)(41.3214, 56.501, 0)(42.5127, 54.6335, 0)(42.5127, 54.6335, 0)(41.3214, 56.501, 0)(40.8167, 55.6935, 0)
(42.5127, 54.6335, 0)(40.8167, 55.6935, 0)(42.0081, 53.8261, 0)(42.0081, 53.8261, 0)(40.8167, 55.6935, 0)(40.3121, 54.8861, 0)
(42.0081, 53.8261, 0)(40.3121, 54.8861, 0)(41.5034, 53.0187, 0)(41.5034, 53.0187, 0)(40.3121, 54.8861, 0)(39.8074, 54.0787, 0)
(41.5034, 53.0187, 0)(39.8074, 54.0787, 0)(40.9988, 52.2113, 0)(40.9988, 52.2113, 0)(39.8074, 54.0787, 0)(39.3028, 53.2713, 0)
(40.9988, 52.2113, 0)(39.3028, 53.2713, 0)(40.4942, 51.4039, 0)(40.4942, 51.4039, 0)(39.3028, 53.2713, 0)(38.7982, 52.4639, 0)
(40.4942, 51.4039, 0)(38.7982, 52.4639, 0)(39.9895, 50.5965, 0)(39.9895, 50.5965, 0)(38.7982, 52.4639, 0)(38.2935, 51.6564, 0)
(39.9895, 50.5965, 0)(38.2935, 51.6564, 0)(39.4849, 49.789, 0)(39.4849, 49.789, 0)(38.2935, 51.6564, 0)(37.7889, 50.849, 0)
(39.4849, 49.789, 0)(37.7889, 50.849, 0)(38.9803, 48.9816, 0)(38.9803, 48.9816, 0)(37.7889, 50.849, 0)(37.2843, 50.0416, 0)
(38.991, 48.9992, 0)(37.2735, 50.024, 0)(38.8957, 48.8395, 0)(38.8957, 48.8395, 0)(37.2735, 50.024, 0)(37.1782, 49.8643, 0)
(38.9161, 48.8753, 0)(37.1578, 49.8284, 0)(38.8275, 48.7118, 0)(38.8275, 48.7118, 0)(37.1578, 49.8284, 0)(37.0692, 49.6649, 0)
(38.8464, 48.7485, 0)(37.0503, 49.6282, 0)(38.7645, 48.5814, 0)(38.7645, 48.5814, 0)(37.0503, 49.6282, 0)(36.9684, 49.4612, 0)
(38.7819, 48.6189, 0)(36.951, 49.4238, 0)(38.7071, 48.4486, 0)(38.7071, 48.4486, 0)(36.951, 49.4238, 0)(36.8762, 49.2535, 0)
(38.7229, 48.4867, 0)(36.8604, 49.2154, 0)(38.6551, 48.3134, 0)(38.6551, 48.3134, 0)(36.8604, 49.2154, 0)(36.7926, 49.0422, 0)
(38.6693, 48.3522, 0)(36.7784, 49.0034, 0)(38.6088, 48.1763, 0)(38.6088, 48.1763, 0)(36.7784, 49.0034, 0)(36.7178, 48.8276, 0)
(38.6214, 48.2156, 0)(36.7052, 48.7883, 0)(38.5681, 48.0373, 0)(38.5681, 48.0373, 0)(36.7052, 48.7883, 0)(36.6519, 48.6101, 0)
(38.5791, 48.0771, 0)(36.6409, 48.5703, 0)(38.5333, 47.8968, 0)(38.5333, 47.8968, 0)(36.6409, 48.5703, 0)(36.595, 48.3901, 0)
(38.5426, 47.937, 0)(36.5857, 48.3499, 0)(38.5042, 47.755, 0)(38.5042, 47.755, 0)(36.5857, 48.3499, 0)(36.5473, 48.1679, 0)
(38.5119, 47.7955, 0)(36.5396, 48.1273, 0)(38.481, 47.6121, 0)(38.481, 47.6121, 0)(36.5396, 48.1273, 0)(36.5087, 47.9439, 0)
(38.487, 47.6529, 0)(36.5027, 47.9031, 0)(38.4638, 47.4684, 0)(38.4638, 47.4684, 0)(36.5027, 47.9031, 0)(36.4795, 47.7185, 0)
(38.4681, 47.5094, 0)(36.4752, 47.6775, 0)(38.4524, 47.324, 0)(38.4524, 47.324, 0)(36.4752, 47.6775, 0)(36.4595, 47.4922, 0)
(38.4551, 47.3652, 0)(36.4569, 47.451, 0)(38.4471, 47.1794, 0)(38.4471, 47.1794, 0)(36.4569, 47.451, 0)(36.4489, 47.2651, 0)
(38.448, 47.2206, 0)(36.448, 47.2239, 0)(38.4477, 47.0346, 0)(38.4477, 47.0346, 0)(36.448, 47.2239, 0)(36.4477, 47.0379, 0)
(38.4469, 47.0759, 0)(36.4485, 46.9967, 0)(38.4543, 46.89, 0)(38.4543, 46.89, 0)(36.4485, 46.9967, 0)(36.4559, 46.8108, 0)
(38.4518, 46.9312, 0)(36.4583, 46.7696, 0)(38.4668, 46.7458, 0)(38.4668, 46.7458, 0)(36.4583, 46.7696, 0)(36.4734, 46.5842, 0)
(38.4627, 46.7868, 0)(36.4776, 46.5432, 0)(38.4853, 46.6022, 0)(38.4853, 46.6022, 0)(36.4776, 46.5432, 0)(36.5002, 46.3585, 0)
(38.4794, 46.643, 0)(36.5061, 46.3177, 0)(38.5097, 46.4595, 0)(38.5097, 46.4595, 0)(36.5061, 46.3177, 0)(36.5363, 46.1342, 0)
(38.5022, 46.5, 0)(36.5439, 46.0936, 0)(38.54, 46.3179, 0)(38.54, 46.3179, 0)(36.5439, 46.0936, 0)(36.5817, 45.9115, 0)
(38.5307, 46.3581, 0)(36.5909, 45.8713, 0)(38.576, 46.1777, 0)(38.576, 46.1777, 0)(36.5909, 45.8713, 0)(36.6362, 45.6909, 0)
(38.5652, 46.2175, 0)(36.6471, 45.6511, 0)(38.6178, 46.0391, 0)(38.6178, 46.0391, 0)(36.6471, 45.6511, 0)(36.6997, 45.4727, 0)
(38.6053, 46.0784, 0)(36.7122, 45.4333, 0)(38.6653, 45.9024, 0)(38.6653, 45.9024, 0)(36.7122, 45.4333, 0)(36.7722, 45.2573, 0)
(38.6512, 45.9411, 0)(36.7863, 45.2185, 0)(38.7184, 45.7677, 0)(38.7184, 45.7677, 0)(36.7863, 45.2185, 0)(36.8535, 45.0451, 0)
(38.7027, 45.8058, 0)(36.8692, 45.0069, 0)(38.777, 45.6353, 0)(38.777, 45.6353, 0)(36.8692, 45.0069, 0)(36.9435, 44.8364, 0)
(38.7598, 45.6728, 0)(36.9608, 44.7989, 0)(38.8411, 45.5055, 0)(38.8411, 45.5055, 0)(36.9608, 44.7989, 0)(37.0421, 44.6316, 0)
(38.8223, 45.5422, 0)(37.0609, 44.5949, 0)(38.9104, 45.3784, 0)(38.9104, 45.3784, 0)(37.0609, 44.5949, 0)(37.149, 44.4311, 0)
(38.8901, 45.4143, 0)(37.1693, 44.3951, 0)(38.9849, 45.2543, 0)(38.9849, 45.2543, 0)(37.1693, 44.3951, 0)(37.264, 44.2351, 0)
(38.9631, 45.2893, 0)(37.2858, 44.2, 0)(39.0644, 45.1333, 0)(39.0644, 45.1333, 0)(37.2858, 44.2, 0)(37.3871, 44.044, 0)
(39.0413, 45.1674, 0)(37.4103, 44.0099, 0)(39.1489, 45.0158, 0)(39.1489, 45.0158, 0)(37.4103, 44.0099, 0)(37.5179, 43.8582, 0)
(39.1243, 45.0489, 0)(37.5425, 43.8251, 0)(39.2382, 44.9018, 0)(39.2382, 44.9018, 0)(37.5425, 43.8251, 0)(37.6563, 43.678, 0)
(39.2123, 44.9339, 0)(37.6822, 43.6459, 0)(39.3321, 44.7916, 0)(39.3321, 44.7916, 0)(37.6822, 43.6459, 0)(37.802, 43.5036, 0)
(39.3048, 44.8226, 0)(37.8292, 43.4726, 0)(39.4304, 44.6853, 0)(39.4304, 44.6853, 0)(37.8292, 43.4726, 0)(37.9548, 43.3353, 0)
(39.4019, 44.7152, 0)(37.9833, 43.3055, 0)(39.533, 44.5833, 0)(39.533, 44.5833, 0)(37.9833, 43.3055, 0)(38.1144, 43.1735, 0)
(39.5034, 44.6119, 0)(38.1441, 43.1449, 0)(39.6398, 44.4855, 0)(39.6398, 44.4855, 0)(38.1441, 43.1449, 0)(38.2805, 43.0184, 0)
(39.609, 44.5129, 0)(38.3113, 42.991, 0)(39.7505, 44.3922, 0)(39.7505, 44.3922, 0)(38.3113, 42.991, 0)(38.4529, 42.8703, 0)
(39.7186, 44.4183, 0)(38.4848, 42.8442, 0)(39.865, 44.3036, 0)(39.865, 44.3036, 0)(38.4848, 42.8442, 0)(38.6312, 42.7295, 0)
(39.832, 44.3283, 0)(38.6642, 42.7047, 0)(39.983, 44.2197, 0)(39.983, 44.2197, 0)(38.6642, 42.7047, 0)(38.8152, 42.5961, 0)
(39.949, 44.2431, 0)(38.8492, 42.5727, 0)(40.1044, 44.1408, 0)(40.1044, 44.1408, 0)(38.8492, 42.5727, 0)(39.0045, 42.4704, 0)
(40.0695, 44.1628, 0)(39.0395, 42.4484, 0)(40.2289, 44.067, 0)(40.2289, 44.067, 0)(39.0395, 42.4484, 0)(39.1989, 42.3526, 0)
(40.1931, 44.0875, 0)(39.2347, 42.3321, 0)(40.3564, 43.9984, 0)(40.3564, 43.9984, 0)(39.2347, 42.3321, 0)(39.3979, 42.243, 0)
(40.3198, 44.0174, 0)(39.4346, 42.224, 0)(40.4866, 43.9351, 0)(40.4866, 43.9351, 0)(39.4346, 42.224, 0)(39.6014, 42.1416, 0)
(40.4492, 43.9526, 0)(39.6387, 42.1241, 0)(40.6192, 43.8772, 0)(40.6192, 43.8772, 0)(39.6387, 42.1241, 0)(39.8088, 42.0488, 0)
(40.5812, 43.8931, 0)(39.8468, 42.0328, 0)(40.7542, 43.8248, 0)(40.7542, 43.8248, 0)(39.8468, 42.0328, 0)(40.0198, 41.9645, 0)
(40.7155, 43.8392, 0)(40.0585, 41.9502, 0)(40.8912, 43.7781, 0)(40.8912, 43.7781, 0)(40.0585, 41.9502, 0)(40.2342, 41.8891, 0)
(40.852, 43.7908, 0)(40.2734, 41.8763, 0)(41.0301, 43.737, 0)(41.0301, 43.737, 0)(40.2734, 41.8763, 0)(40.4515, 41.8225, 0)
(40.9903, 43.7481, 0)(40.4912, 41.8114, 0)(41.1705, 43.7017, 0)(41.1705, 43.7017, 0)(40.4912, 41.8114, 0)(40.6713, 41.765, 0)
(41.1303, 43.7112, 0)(40.7115, 41.7555, 0)(41.3122, 43.6722, 0)(41.3122, 43.6722, 0)(40.7115, 41.7555, 0)(40.8934, 41.7166, 0)
(41.2717, 43.68, 0)(40.9339, 41.7087, 0)(41.455, 43.6486, 0)(41.455, 43.6486, 0)(40.9339, 41.7087, 0)(41.1172, 41.6773, 0)
(41.4142, 43.6547, 0)(41.158, 41.6712, 0)(41.5987, 43.6309, 0)(41.5987, 43.6309, 0)(41.158, 41.6712, 0)(41.3425, 41.6474, 0)
(41.5577, 43.6353, 0)(41.3835, 41.6429, 0)(41.743, 43.6191, 0)(41.743, 43.6191, 0)(41.3835, 41.6429, 0)(41.5688, 41.6267, 0)
(41.6559, 42.6229, 0)(41.6559, 42.6229, 0)(41.6559, 42.6229, 0)(41.6559, 42.6229, 0)(41.6559, 42.6229, 0)(41.6559, 42.6229, 0)
(41.7224, 43.6207, 0)(41.5894, 41.6252, 0)(42.2789, 43.5836, 0)(42.2789, 43.5836, 0)(41.5894, 41.6252, 0)(42.1459, 41.5881, 0)
(42.2789, 43.5836, 0)(42.1459, 41.5881, 0)(42.8354, 43.5465, 0)(42.8354, 43.5465, 0)(42.1459, 41.5881, 0)(42.7024, 41.551, 0)
(42.8354, 43.5465, 0)(42.7024, 41.551, 0)(43.3919, 43.5094, 0)(43.3919, 43.5094, 0)(42.7024, 41.551, 0)(43.2589, 41.5139, 0)
(43.3919, 43.5094, 0)(43.2589, 41.5139, 0)(43.9484, 43.4723, 0)(43.9484, 43.4723, 0)(43.2589, 41.5139, 0)(43.8154, 41.4768, 0)
(43.9574, 43.4717, 0)(43.8064, 41.4774, 0)(44.1822, 43.4547, 0)(44.1822, 43.4547, 0)(43.8064, 41.4774, 0)(44.0311, 41.4604, 0)
(44.2001, 43.4531, 0)(44.0132, 41.4619, 0)(44.4246, 43.4321, 0)(44.4246, 43.4321, 0)(44.0132, 41.4619, 0)(44.2376, 41.4408, 0)
(44.4425, 43.4302, 0)(44.2196, 41.4427, 0)(44.6665, 43.4051, 0)(44.6665, 43.4051, 0)(44.2196, 41.4427, 0)(44.4436, 41.4176, 0)
(44.6844, 43.4029, 0)(44.4257, 41.4197, 0)(44.9079, 43.3738, 0)(44.9079, 43.3738, 0)(44.4257, 41.4197, 0)(44.6492, 41.3906, 0)
(44.9258, 43.3713, 0)(44.6313, 41.3931, 0)(45.1487, 43.3381, 0)(45.1487, 43.3381, 0)(44.6313, 41.3931, 0)(44.8543, 41.3599, 0)
(45.1665, 43.3353, 0)(44.8365, 41.3627, 0)(45.3888, 43.2981, 0)(45.3888, 43.2981, 0)(44.8365, 41.3627, 0)(45.0588, 41.3255, 0)
(45.4066, 43.295, 0)(45.041, 41.3287, 0)(45.6282, 43.2538, 0)(45.6282, 43.2538, 0)(45.041, 41.3287, 0)(45.2626, 41.2875, 0)
(45.6459, 43.2503, 0)(45.2449, 41.2909, 0)(45.8667, 43.2051, 0)(45.8667, 43.2051, 0)(45.2449, 41.2909, 0)(45.4657, 41.2457, 0)
(45.8843, 43.2013, 0)(45.4481, 41.2495, 0)(46.1043, 43.1522, 0)(46.1043, 43.1522, 0)(45.4481, 41.2495, 0)(45.668, 41.2003, 0)
(46.1218, 43.1481, 0)(45.6505, 41.2044, 0)(46.3409, 43.095, 0)(46.3409, 43.095, 0)(45.6505, 41.2044, 0)(45.8695, 41.1513, 0)
(46.3584, 43.0905, 0)(45.852, 41.1557, 0)(46.5764, 43.0335, 0)(46.5764, 43.0335, 0)(45.852, 41.1557, 0)(46.07, 41.0986, 0)
(46.5938, 43.0288, 0)(46.0526, 41.1034, 0)(46.8108, 42.9678, 0)(46.8108, 42.9678, 0)(46.0526, 41.1034, 0)(46.2696, 41.0424, 0)
(46.8281, 42.9627, 0)(46.2523, 41.0474, 0)(47.044, 42.8978, 0)(47.044, 42.8978, 0)(46.2523, 41.0474, 0)(46.4681, 40.9825, 0)
(47.0612, 42.8925, 0)(46.4509, 40.9879, 0)(47.2759, 42.8237, 0)(47.2759, 42.8237, 0)(46.4509, 40.9879, 0)(46.6656, 40.9191, 0)
(47.293, 42.818, 0)(46.6484, 40.9248, 0)(47.5063, 42.7454, 0)(47.5063, 42.7454, 0)(46.6484, 40.9248, 0)(46.8618, 40.8521, 0)
(47.5234, 42.7394, 0)(46.8448, 40.8581, 0)(47.7354, 42.663, 0)(47.7354, 42.663, 0)(46.8448, 40.8581, 0)(47.0568, 40.7816, 0)
(47.7523, 42.6567, 0)(47.0399, 40.7879, 0)(47.9629, 42.5764, 0)(47.9629, 42.5764, 0)(47.0399, 40.7879, 0)(47.2505, 40.7076, 0)
(47.9797, 42.5698, 0)(47.2337, 40.7142, 0)(48.1888, 42.4858, 0)(48.1888, 42.4858, 0)(47.2337, 40.7142, 0)(47.4428, 40.6301, 0)
(48.2055, 42.4789, 0)(47.4261, 40.637, 0)(48.4131, 42.391, 0)(48.4131, 42.391, 0)(47.4261, 40.637, 0)(47.6337, 40.5492, 0)
(48.4296, 42.3839, 0)(47.6172, 40.5563, 0)(48.6356, 42.2923, 0)(48.6356, 42.2923, 0)(47.6172, 40.5563, 0)(47.8231, 40.4648, 0)
(48.652, 42.2848, 0)(47.8067, 40.4722, 0)(48.8563, 42.1896, 0)(48.8563, 42.1896, 0)(47.8067, 40.4722, 0)(48.011, 40.377, 0)
(48.8725, 42.1818, 0)(47.9947, 40.3848, 0)(49.0751, 42.0829, 0)(49.0751, 42.0829, 0)(47.9947, 40.3848, 0)(48.1972, 40.2858, 0)
(49.0912, 42.0748, 0)(48.1811, 40.2939, 0)(49.2919, 41.9722, 0)(49.2919, 41.9722, 0)(48.1811, 40.2939, 0)(48.3818, 40.1913, 0)
(49.3079, 41.9639, 0)(48.3658, 40.1997, 0)(49.5067, 41.8577, 0)(49.5067, 41.8577, 0)(48.3658, 40.1997, 0)(48.5646, 40.0935, 0)
(49.5225, 41.8491, 0)(48.5488, 40.1021, 0)(49.7194, 41.7393, 0)(49.7194, 41.7393, 0)(48.5488, 40.1021, 0)(48.7457, 39.9924, 0)
(49.7351, 41.7304, 0)(48.73, 40.0013, 0)(49.93, 41.6171, 0)(49.93, 41.6171, 0)(48.73, 40.0013, 0)(48.9248, 39.8881, 0)
(49.9455, 41.6079, 0)(48.9093, 39.8973, 0)(50.1383, 41.4912, 0)(50.1383, 41.4912, 0)(48.9093, 39.8973, 0)(49.1021, 39.7805, 0)
(50.1536, 41.4817, 0)(49.0868, 39.79, 0)(50.3442, 41.3615, 0)(50.3442, 41.3615, 0)(49.0868, 39.79, 0)(49.2774, 39.6698, 0)
(50.3594, 41.3517, 0)(49.2622, 39.6795, 0)(50.5479, 41.2281, 0)(50.5479, 41.2281, 0)(49.2622, 39.6795, 0)(49.4507, 39.5559, 0)
(50.5629, 41.218, 0)(49.4357, 39.5659, 0)(50.749, 41.091, 0)(50.749, 41.091, 0)(49.4357, 39.5659, 0)(49.6219, 39.4389, 0)
(50.7639, 41.0807, 0)(49.6071, 39.4492, 0)(50.9477, 40.9503, 0)(50.9477, 40.9503, 0)(49.6071, 39.4492, 0)(49.7909, 39.3188, 0)
(50.9623, 40.9398, 0)(49.7763, 39.3294, 0)(51.1438, 40.8061, 0)(51.1438, 40.8061, 0)(49.7763, 39.3294, 0)(49.9578, 39.1957, 0)
(51.1582, 40.7953, 0)(49.9434, 39.2065, 0)(51.3373, 40.6584, 0)(51.3373, 40.6584, 0)(49.9434, 39.2065, 0)(50.1224, 39.0696, 0)
(51.3515, 40.6473, 0)(50.1082, 39.0807, 0)(51.5281, 40.5072, 0)(51.5281, 40.5072, 0)(50.1082, 39.0807, 0)(50.2847, 38.9406, 0)
(51.5421, 40.4958, 0)(50.2707, 38.9519, 0)(51.7161, 40.3525, 0)(51.7161, 40.3525, 0)(50.2707, 38.9519, 0)(50.4447, 38.8087, 0)
(51.7299, 40.341, 0)(50.4309, 38.8202, 0)(51.9013, 40.1946, 0)(51.9013, 40.1946, 0)(50.4309, 38.8202, 0)(50.6023, 38.6739, 0)
(51.9149, 40.1827, 0)(50.5886, 38.6857, 0)(52.0836, 40.0332, 0)(52.0836, 40.0332, 0)(50.5886, 38.6857, 0)(50.7573, 38.5362, 0)
(52.097, 40.0212, 0)(50.744, 38.5483, 0)(52.263, 39.8687, 0)(52.263, 39.8687, 0)(50.744, 38.5483, 0)(50.9099, 38.3958, 0)
(52.2761, 39.8564, 0)(50.8968, 38.4081, 0)(52.4394, 39.7009, 0)(52.4394, 39.7009, 0)(50.8968, 38.4081, 0)(51.06, 38.2527, 0)
(52.4523, 39.6883, 0)(51.047, 38.2653, 0)(52.6127, 39.53, 0)(52.6127, 39.53, 0)(51.047, 38.2653, 0)(51.2074, 38.1069, 0)
(52.6254, 39.5172, 0)(51.1947, 38.1197, 0)(52.7829, 39.356, 0)(52.7829, 39.356, 0)(51.1947, 38.1197, 0)(51.3522, 37.9584, 0)
(52.7954, 39.343, 0)(51.3397, 37.9715, 0)(52.9499, 39.1789, 0)(52.9499, 39.1789, 0)(51.3397, 37.9715, 0)(51.4943, 37.8074, 0)
(52.9622, 39.1656, 0)(51.482, 37.8207, 0)(53.1138, 38.9988, 0)(53.1138, 38.9988, 0)(51.482, 37.8207, 0)(51.6336, 37.6539, 0)
(53.1258, 38.9854, 0)(51.6216, 37.6673, 0)(53.2743, 38.8159, 0)(53.2743, 38.8159, 0)(51.6216, 37.6673, 0)(51.7701, 37.4978, 0)
(53.2861, 38.8022, 0)(51.7583, 37.5115, 0)(53.4315, 38.63, 0)(53.4315, 38.63, 0)(51.7583, 37.5115, 0)(51.9038, 37.3393, 0)
(53.4431, 38.6161, 0)(51.8923, 37.3532, 0)(53.5854, 38.4414, 0)(53.5854, 38.4414, 0)(51.8923, 37.3532, 0)(52.0346, 37.1784, 0)
(53.5967, 38.4273, 0)(52.0233, 37.1925, 0)(53.7358, 38.25, 0)(53.7358, 38.25, 0)(52.0233, 37.1925, 0)(52.1625, 37.0152, 0)
(53.7468, 38.2357, 0)(52.1515, 37.0295, 0)(53.8827, 38.0559, 0)(53.8827, 38.0559, 0)(52.1515, 37.0295, 0)(52.2874, 36.8497, 0)
(53.8935, 38.0414, 0)(52.2767, 36.8642, 0)(54.0262, 37.8592, 0)(54.0262, 37.8592, 0)(52.2767, 36.8642, 0)(52.4093, 36.682, 0)
(54.0367, 37.8445, 0)(52.3989, 36.6967, 0)(54.166, 37.6599, 0)(54.166, 37.6599, 0)(52.3989, 36.6967, 0)(52.5282, 36.5121, 0)
(53.3471, 37.086, 0)(53.3471, 37.086, 0)(53.3471, 37.086, 0)(53.3471, 37.086, 0)(53.3471, 37.086, 0)(53.3471, 37.086, 0)
(54.1712, 37.6525, 0)(52.5231, 36.5195, 0)(54.689, 36.8994, 0)(54.689, 36.8994, 0)(52.5231, 36.5195, 0)(53.0409, 35.7663, 0)
(54.689, 36.8994, 0)(53.0409, 35.7663, 0)(55.2068, 36.1462, 0)(55.2068, 36.1462, 0)(53.0409, 35.7663, 0)(53.5587, 35.0131, 0)
(55.2068, 36.1462, 0)(53.5587, 35.0131, 0)(55.7246, 35.393, 0)(55.7246, 35.393, 0)(53.5587, 35.0131, 0)(54.0765, 34.26, 0)
(55.7246, 35.393, 0)(54.0765, 34.26, 0)(56.2424, 34.6398, 0)(56.2424, 34.6398, 0)(54.0765, 34.26, 0)(54.5943, 33.5068, 0)
(56.2424, 34.6398, 0)(54.5943, 33.5068, 0)(56.7602, 33.8867, 0)(56.7602, 33.8867, 0)(54.5943, 33.5068, 0)(55.1121, 32.7536, 0)
(56.7602, 33.8867, 0)(55.1121, 32.7536, 0)(57.278, 33.1335, 0)(57.278, 33.1335, 0)(55.1121, 32.7536, 0)(55.6299, 32.0004, 0)
(57.278, 33.1335, 0)(55.6299, 32.0004, 0)(57.7958, 32.3803, 0)(57.7958, 32.3803, 0)(55.6299, 32.0004, 0)(56.1477, 31.2473, 0)
(57.7958, 32.3803, 0)(56.1477, 31.2473, 0)(58.3136, 31.6271, 0)(58.3136, 31.6271, 0)(56.1477, 31.2473, 0)(56.6655, 30.4941, 0)
(58.3136, 31.6271, 0)(56.6655, 30.4941, 0)(58.8314, 30.874, 0)(58.8314, 30.874, 0)(56.6655, 30.4941, 0)(57.1833, 29.7409, 0)
(58.8314, 30.874, 0)(57.1833, 29.7409, 0)(59.3492, 30.1208, 0)(59.3492, 30.1208, 0)(57.1833, 29.7409, 0)(57.7012, 28.9877, 0)
(59.3492, 30.1208, 0)(57.7012, 28.9877, 0)(59.8671, 29.3676, 0)(59.8671, 29.3676, 0)(57.7012, 28.9877, 0)(58.219, 28.2345, 0)
(59.8671, 29.3676, 0)(58.219, 28.2346, 0)(60.3849, 28.6144, 0)(60.3849, 28.6144, 0)(58.219, 28.2346, 0)(58.7368, 27.4814, 0)
(60.3849, 28.6144, 0)(58.7368, 27.4814, 0)(60.9027, 27.8613, 0)(60.9027, 27.8613, 0)(58.7368, 27.4814, 0)(59.2546, 26.7282, 0)
(60.9027, 27.8613, 0)(59.2546, 26.7282, 0)(61.4205, 27.1081, 0)(61.4205, 27.1081, 0)(59.2546, 26.7282, 0)(59.7724, 25.975, 0)
(61.4205, 27.1081, 0)(59.7724, 25.975, 0)(61.9383, 26.3549, 0)(61.9383, 26.3549, 0)(59.7724, 25.975, 0)(60.2902, 25.2218, 0)
(61.9383, 26.3549, 0)(60.2902, 25.2218, 0)(62.4561, 25.6017, 0)(62.4561, 25.6017, 0)(60.2902, 25.2218, 0)(60.808, 24.4687, 0)
(62.4561, 25.6017, 0)(60.808, 24.4687, 0)(62.9739, 24.8485, 0)(62.9739, 24.8485, 0)(60.808, 24.4687, 0)(61.3258, 23.7155, 0)
(62.9606, 24.8674, 0)(61.3391, 23.6966, 0)(63.1129, 24.6565, 0)(63.1129, 24.6565, 0)(61.3391, 23.6966, 0)(61.4914, 23.4857, 0)
(63.085, 24.6933, 0)(61.5193, 23.4489, 0)(63.2468, 24.4897, 0)(63.2468, 24.4897, 0)(61.5193, 23.4489, 0)(61.6811, 23.2453, 0)
(63.2173, 24.5251, 0)(61.7106, 23.2099, 0)(63.3884, 24.3292, 0)(63.3884, 24.3292, 0)(61.7106, 23.2099, 0)(61.8817, 23.0139, 0)
(63.3572, 24.3633, 0)(61.9129, 22.9798, 0)(63.5371, 24.1754, 0)(63.5371, 24.1754, 0)(61.9129, 22.9798, 0)(62.0928, 22.792, 0)
(63.5044, 24.208, 0)(62.1255, 22.7594, 0)(63.6928, 24.0287, 0)(63.6928, 24.0287, 0)(62.1255, 22.7594, 0)(62.3139, 22.5801, 0)
(63.6587, 24.0597, 0)(62.348, 22.549, 0)(63.8552, 23.8893, 0)(63.8552, 23.8893, 0)(62.348, 22.549, 0)(62.5445, 22.3786, 0)
(63.8196, 23.9187, 0)(62.5801, 22.3491, 0)(64.0237, 23.7575, 0)(64.0237, 23.7575, 0)(62.5801, 22.3491, 0)(62.7842, 22.1879, 0)
(63.9869, 23.7853, 0)(62.8211, 22.1601, 0)(64.1982, 23.6336, 0)(64.1982, 23.6336, 0)(62.8211, 22.1601, 0)(63.0324, 22.0085, 0)
(64.1601, 23.6597, 0)(63.0706, 21.9825, 0)(64.3782, 23.518, 0)(64.3782, 23.518, 0)(63.0706, 21.9825, 0)(63.2887, 21.8408, 0)
(64.3389, 23.5422, 0)(63.328, 21.8166, 0)(64.5634, 23.4107, 0)(64.5634, 23.4107, 0)(63.328, 21.8166, 0)(63.5524, 21.6851, 0)
(64.523, 23.4331, 0)(63.5928, 21.6627, 0)(64.7533, 23.3122, 0)(64.7533, 23.3122, 0)(63.5928, 21.6627, 0)(63.823, 21.5417, 0)
(64.7119, 23.3327, 0)(63.8644, 21.5212, 0)(64.9475, 23.2224, 0)(64.9475, 23.2224, 0)(63.8644, 21.5212, 0)(64.1, 21.4109, 0)
(64.9053, 23.241, 0)(64.1422, 21.3923, 0)(65.1457, 23.1418, 0)(65.1457, 23.1418, 0)(64.1422, 21.3923, 0)(64.3827, 21.2931, 0)
(65.1027, 23.1584, 0)(64.4257, 21.2765, 0)(65.3474, 23.0704, 0)(65.3474, 23.0704, 0)(64.4257, 21.2765, 0)(64.6705, 21.1884, 0)
(65.3036, 23.085, 0)(64.7143, 21.1738, 0)(65.5522, 23.0083, 0)(65.5522, 23.0083, 0)(64.7143, 21.1738, 0)(64.9628, 21.0972, 0)
(65.5078, 23.0209, 0)(65.0072, 21.0846, 0)(65.7596, 22.9558, 0)(65.7596, 22.9558, 0)(65.0072, 21.0846, 0)(65.2591, 21.0195, 0)
(65.7147, 22.9663, 0)(65.304, 21.009, 0)(65.9692, 22.9129, 0)(65.9692, 22.9129, 0)(65.304, 21.009, 0)(65.5586, 20.9555, 0)
(65.9239, 22.9214, 0)(65.604, 20.9471, 0)(66.1806, 22.8798, 0)(66.1806, 22.8798, 0)(65.604, 20.9471, 0)(65.8607, 20.9055, 0)
(66.1349, 22.8861, 0)(65.9064, 20.8992, 0)(66.3933, 22.8564, 0)(66.3933, 22.8564, 0)(65.9064, 20.8992, 0)(66.1649, 20.8695, 0)
(66.3473, 22.8606, 0)(66.2108, 20.8653, 0)(66.6068, 22.8428, 0)(66.6068, 22.8428, 0)(66.2108, 20.8653, 0)(66.4703, 20.8475, 0)
(66.5607, 22.8449, 0)(66.5164, 20.8454, 0)(66.8208, 22.8392, 0)(66.8208, 22.8392, 0)(66.5164, 20.8454, 0)(66.7765, 20.8397, 0)
(66.7746, 22.8391, 0)(66.8227, 20.8397, 0)(67.0347, 22.8454, 0)(67.0347, 22.8454, 0)(66.8227, 20.8397, 0)(67.0827, 20.8459, 0)
(66.9885, 22.8432, 0)(67.1288, 20.8481, 0)(67.248, 22.8614, 0)(67.248, 22.8614, 0)(67.1288, 20.8481, 0)(67.3883, 20.8664, 0)
(67.2021, 22.8571, 0)(67.4342, 20.8707, 0)(67.4604, 22.8873, 0)(67.4604, 22.8873, 0)(67.4342, 20.8707, 0)(67.6926, 20.9009, 0)
(67.4147, 22.8809, 0)(67.7383, 20.9073, 0)(67.6714, 22.923, 0)(67.6714, 22.923, 0)(67.7383, 20.9073, 0)(67.995, 20.9494, 0)
(67.626, 22.9145, 0)(68.0404, 20.9579, 0)(67.8805, 22.9684, 0)(67.8805, 22.9684, 0)(68.0404, 20.9579, 0)(68.2948, 21.0118, 0)
(67.8356, 22.9578, 0)(68.3398, 21.0224, 0)(68.0873, 23.0233, 0)(68.0873, 23.0233, 0)(68.3398, 21.0224, 0)(68.5915, 21.0879, 0)
(68.0429, 23.0107, 0)(68.6358, 21.1006, 0)(68.2913, 23.0878, 0)(68.2913, 23.0878, 0)(68.6358, 21.1006, 0)(68.8843, 21.1777, 0)
(68.2475, 23.0731, 0)(68.928, 21.1924, 0)(68.4921, 23.1616, 0)(68.4921, 23.1616, 0)(68.928, 21.1924, 0)(69.1726, 21.2809, 0)
(68.4491, 23.1449, 0)(69.2156, 21.2976, 0)(68.6894, 23.2446, 0)(68.6894, 23.2446, 0)(69.2156, 21.2976, 0)(69.4559, 21.3973, 0)
(68.6471, 23.2259, 0)(69.4981, 21.416, 0)(68.8825, 23.3366, 0)(68.8825, 23.3366, 0)(69.4981, 21.416, 0)(69.7335, 21.5267, 0)
(68.8412, 23.316, 0)(69.7748, 21.5473, 0)(69.0713, 23.4374, 0)(69.0713, 23.4374, 0)(69.7748, 21.5473, 0)(70.0049, 21.6687, 0)
(69.0309, 23.4149, 0)(70.0452, 21.6912, 0)(69.2551, 23.5468, 0)(69.2551, 23.5468, 0)(70.0452, 21.6912, 0)(70.2694, 21.8231, 0)
(69.2159, 23.5225, 0)(70.3086, 21.8474, 0)(69.4337, 23.6646, 0)(69.4337, 23.6646, 0)(70.3086, 21.8474, 0)(70.5265, 21.9895, 0)
(69.3957, 23.6385, 0)(70.5645, 22.0156, 0)(69.6068, 23.7906, 0)(69.6068, 23.7906, 0)(70.5645, 22.0156, 0)(70.7756, 22.1676, 0)
(69.5699, 23.7627, 0)(70.8124, 22.1955, 0)(69.7738, 23.9243, 0)(69.7738, 23.9243, 0)(70.8124, 22.1955, 0)(71.0162, 22.3571, 0)
(69.7383, 23.8948, 0)(71.0517, 22.3866, 0)(69.9344, 24.0656, 0)(69.9344, 24.0656, 0)(71.0517, 22.3866, 0)(71.2479, 22.5574, 0)
(69.9003, 24.0345, 0)(71.282, 22.5885, 0)(70.0884, 24.2142, 0)(70.0884, 24.2142, 0)(71.282, 22.5885, 0)(71.4701, 22.7682, 0)
(70.0557, 24.1816, 0)(71.5027, 22.8008, 0)(70.2353, 24.3697, 0)(70.2353, 24.3697, 0)(71.5027, 22.8008, 0)(71.6823, 22.989, 0)
(70.2042, 24.3356, 0)(71.7133, 23.0232, 0)(70.3749, 24.5319, 0)(70.3749, 24.5319, 0)(71.7133, 23.0232, 0)(71.884, 23.2194, 0)
(70.3454, 24.4964, 0)(71.9135, 23.2549, 0)(70.5069, 24.7003, 0)(70.5069, 24.7003, 0)(71.9135, 23.2549, 0)(72.075, 23.4589, 0)
(70.4791, 24.6635, 0)(72.1028, 23.4957, 0)(70.631, 24.8747, 0)(70.631, 24.8747, 0)(72.1028, 23.4957, 0)(72.2546, 23.7069, 0)
(70.6049, 24.8365, 0)(72.2807, 23.745, 0)(70.7468, 25.0545, 0)(70.7468, 25.0545, 0)(72.2807, 23.745, 0)(72.4227, 23.963, 0)
(70.7226, 25.0153, 0)(72.447, 24.0022, 0)(70.8543, 25.2395, 0)(70.8543, 25.2395, 0)(72.447, 24.0022, 0)(72.5787, 24.2264, 0)
(70.8318, 25.1992, 0)(72.6012, 24.2668, 0)(70.9531, 25.4293, 0)(70.9531, 25.4293, 0)(72.6012, 24.2668, 0)(72.7225, 24.4969, 0)
(70.9325, 25.388, 0)(72.743, 24.5382, 0)(71.0431, 25.6235, 0)(71.0431, 25.6235, 0)(72.743, 24.5382, 0)(72.8536, 24.7737, 0)
(71.0244, 25.5812, 0)(72.8722, 24.8159, 0)(71.124, 25.8215, 0)(71.124, 25.8215, 0)(72.8722, 24.8159, 0)(72.9717, 25.0562, 0)
(71.1073, 25.7785, 0)(72.9884, 25.0993, 0)(71.1956, 26.0231, 0)(71.1956, 26.0231, 0)(72.9884, 25.0993, 0)(73.0768, 25.344, 0)
(71.1809, 25.9794, 0)(73.0914, 25.3877, 0)(71.2579, 26.2278, 0)(71.2579, 26.2278, 0)(73.0914, 25.3877, 0)(73.1684, 25.6362, 0)
(71.2397, 26.1611, 0)(73.1865, 25.703, 0)(71.3051, 26.4128, 0)(71.3051, 26.4128, 0)(73.1865, 25.703, 0)(73.252, 25.9547, 0)6786
